627 639
627 630
627 644
627 648
639 630
639 648
639 707
639 644
630 644
630 710
791 602
791 617
791 621
791 629
791 622
791 640
791 614
791 638
791 647
602 617
602 638
602 647
602 629
602 621
617 612
617 647
617 637
617 638
617 631
621 611
621 629
621 623
621 634
621 618
621 633
629 622
629 611
629 618
629 633
622 707
622 613
622 647
622 637
622 638
622 612
622 611
622 704
622 636
640 638
640 647
614 605
614 616
614 623
614 631
614 634
614 641
614 648
605 603
605 613
605 619
605 620
605 710
605 642
605 704
605 634
605 623
605 707
605 615
603 623
603 620
603 613
603 619
603 710
603 642
603 701
613 620
613 619
613 707
613 710
613 642
619 620
619 710
619 704
619 623
619 633
619 601
620 648
620 623
620 710
620 642
710 642
704 623
704 634
634 623
634 615
634 635
634 611
623 648
623 641
623 707
623 631
623 615
623 635
623 701
623 643
707 624
707 606
707 601
707 636
707 648
647 638
647 637
647 612
637 638
638 612
611 618
611 632
611 633
616 641
616 631
616 628
616 604
616 609
616 625
616 649
631 648
631 641
631 649
631 609
641 648
641 636
648 636
648 643
648 701
636 701
643 624
643 606
643 601
643 701
701 606
701 601
701 624
624 601
624 606
606 601
649 604
649 609
615 635
635 693
618 633
618 709
618 628
618 646
632 633
632 646
632 628
632 610
632 625
633 709
633 610
628 646
628 625
628 610
646 625
646 610
610 625
604 609
