667 661
667 671
667 673
667 678
667 705
667 708
667 669
667 666
667 651
667 694
667 793
667 662
667 698
661 793
661 671
661 662
661 698
661 663
661 652
661 705
661 678
661 673
661 708
671 793
671 669
671 673
671 678
671 703
671 705
671 666
671 698
671 662
671 652
671 684
671 697
671 700
671 699
671 708
673 793
673 662
673 698
673 652
673 705
673 678
673 708
673 669
678 793
678 698
678 705
678 708
678 669
678 653
678 666
705 793
705 698
705 708
705 669
705 652
705 700
705 697
705 699
708 793
708 652
708 684
708 697
708 700
708 699
708 669
669 793
669 662
666 663
666 682
666 684
651 692
651 656
651 659
651 695
651 675
651 703
651 680
651 660
694 662
694 698
692 656
692 659
692 675
692 695
692 699
692 691
692 674
692 688
692 654
692 703
692 663
692 696
692 684
656 675
656 659
656 695
656 653
656 660
656 699
656 674
656 657
659 675
659 695
659 653
659 660
659 699
659 691
675 695
675 660
695 688
695 699
695 657
699 691
699 697
699 700
699 680
699 663
699 652
699 684
699 696
691 663
691 665
691 682
691 696
691 683
691 684
674 657
674 703
674 664
674 687
674 690
674 693
688 663
688 683
654 664
654 677
654 653
654 660
654 690
654 693
653 677
653 660
660 664
660 652
660 677
663 665
663 682
663 684
663 697
663 700
663 696
665 696
665 682
682 680
682 696
682 683
682 684
682 662
696 680
696 684
696 683
696 662
696 697
696 700
683 684
793 652
652 662
652 698
652 680
652 700
652 670
652 697
657 693
657 703
657 664
657 690
657 687
693 703
693 687
693 690
693 664
693 677
703 690
703 687
703 664
664 687
664 690
664 677
690 687
690 677
687 677
698 662
698 670
662 670
662 700
662 684
700 697
700 680
700 684
684 697
697 680
