667 661
667 671
667 673
667 678
667 705
667 708
667 669
667 666
667 651
667 694
667 793
667 662
667 698
661 793
661 671
661 662
661 698
661 663
661 652
661 705
661 678
661 673
661 708
671 793
671 669
671 673
671 678
671 703
671 705
671 666
671 698
671 662
671 652
671 684
671 697
671 700
671 699
671 708
671 616
673 793
673 662
673 698
673 652
673 705
673 678
673 708
673 669
678 793
678 698
678 705
678 708
678 669
678 653
678 666
705 793
705 698
705 708
705 669
705 652
705 700
705 697
705 699
708 793
708 652
708 684
708 697
708 700
708 699
708 669
708 637
669 793
669 662
666 663
666 682
666 684
651 692
651 656
651 659
651 695
651 675
651 703
651 680
651 660
694 662
694 698
692 656
692 659
692 675
692 695
692 699
692 691
692 674
692 688
692 654
692 703
692 663
692 696
692 684
656 675
656 659
656 695
656 653
656 660
656 699
656 674
656 657
659 675
659 695
659 653
659 660
659 699
659 691
659 639
675 695
675 660
695 688
695 699
695 657
699 691
699 697
699 700
699 680
699 663
699 652
699 684
699 696
691 663
691 665
691 682
691 696
691 683
691 684
674 657
674 703
674 664
674 687
674 690
674 693
674 629
674 621
674 641
674 611
674 707
688 663
688 683
688 643
688 606
654 664
654 677
654 653
654 660
654 690
654 693
654 604
654 609
654 649
653 677
653 660
660 664
660 652
660 677
663 665
663 682
663 684
663 697
663 700
663 696
665 696
665 682
682 680
682 696
682 683
682 684
682 662
696 680
696 684
696 683
696 662
696 697
696 700
683 684
793 652
793 615
652 662
652 698
652 680
652 700
652 670
652 697
652 634
657 693
657 703
657 664
657 690
657 687
657 629
657 611
657 631
693 703
693 687
693 690
693 664
693 677
693 635
693 615
703 690
703 687
703 664
703 629
703 621
664 687
664 690
664 677
690 687
690 677
687 677
687 628
698 662
698 670
662 670
662 700
662 684
700 697
700 680
700 684
684 697
697 680
697 710
677 609
677 604
677 649
609 604
609 649
609 616
609 631
604 649
604 616
649 631
649 616
637 622
637 617
637 638
637 647
634 605
634 614
634 623
634 615
634 635
634 704
634 611
634 621
628 618
628 646
628 625
628 610
628 632
628 616
629 791
629 622
629 602
629 611
629 621
629 618
629 633
621 791
621 602
621 611
621 623
621 618
621 633
641 614
641 648
641 631
641 616
641 623
641 636
611 622
611 618
611 632
611 633
631 614
631 617
631 648
631 616
631 623
643 648
643 624
643 606
643 601
643 623
643 701
606 707
606 624
606 601
606 701
615 623
615 635
615 605
639 627
639 630
639 648
639 707
639 644
627 630
627 644
627 648
630 644
630 710
791 602
791 617
791 622
791 640
791 614
791 638
791 647
602 617
602 638
602 647
617 612
617 647
617 638
622 707
622 613
622 647
622 638
622 612
622 704
622 636
640 638
640 647
614 605
614 616
614 623
614 648
605 603
605 613
605 619
605 620
605 710
605 642
605 704
605 623
605 707
603 623
603 620
603 613
603 619
603 710
603 642
603 701
613 620
613 619
613 707
613 710
613 642
619 620
619 710
619 704
619 623
619 633
619 601
620 648
620 623
620 710
620 642
710 642
704 623
623 648
623 707
623 635
623 701
707 624
707 601
707 636
707 648
647 638
647 612
638 612
616 625
648 636
648 701
636 701
701 601
701 624
624 601
618 633
618 709
618 646
632 633
632 646
632 610
632 625
633 709
633 610
646 625
646 610
610 625
